838843	6133	5969
4361074	6130	3688
127012	7368	6565	5552
185100	6045
131115	3954
4375688	492	123
4444760	1815	5694	5373	2870	2102	5492
259732	6413	3626	1094	7405	963	605	5772	5890
829373	1085
253429	3848	269	4450	3569	2254	7558	6186	1446	6234	6774	6249	1507
1147547	2665
355102	4127	2478	1283
130864	6341	4948	4603	2787	6785	5465	734	479	5621	2699	3441	1126	6992	3307	3988	7509	3102	1376	3672	2551	7455
4297758	1170	76	5109	496	3127	3706	6644	7315	1424	830	6634	1463	6229	5215	3909
4334879	6440
4379834	2258	147	5182
74832	2311	5137	6655	7431	4046	2846	718	4594
1070095	659
649518	1103	7201	698	2915	500	2423	29	2868	1174	1839	7467	4621	1246	7561	938	7375
527103	5126	7587	5640	6562	7307	87
3564333	6098	2272	4563
687185	2822	6484	5609	5674	579	2613	3851	4262	5626	1830	7439	4465	2840
4401964	2008	2967	2677	233	3166
3078912	7158
2920133	6154
1846693	3882	2602
925247	4167
3768995	4843	6104
3768994	4489	176
874190	546	7312	6218	6276	2604	7198	731	5649	2381	5269	3774
4373910	1523
880153	4558	747	604	4301	403	2269	5165	2171	3575	489	3638	1249	3079	6758	4322	1317	4503	3184	6387	6039	2459	1100	339	4276	3212	4184	5081	4764	2437	591	3317
335967	5018	5550	5327	7077	4109	4684	3112	1433	1677	4333	4733	3217	4532	7471	2888	784	7132	3775	3002	4553	1600	4829	6988	2962	3368	4635	5613	148	848	5491	1903	1902
536765	7001	4186
579577	1837	2600	2894	5644	4342	3438	6322	2278	1044	6995	4185	1975	1383	3902	6875	5478	7013	1162
505565	1234
813445	4048
4357402	2508
842284	6862	2684	3870
985339	1357	1067
921945	6908
259044	4995	7496	3788
499887	3514	6339
4423242	4942
4400510	5929
1077239	7497
348570	5593	3395	134	5712	2416	331	1147	3370	1708	4421	2145	2991
963239	7413	1331	281	5167
671258	4156	4305	4868
9252	4781
4475936	2594
4440860	5411
923540	2237
4414004	3092	2592
587826	3818	627	6764	3280	7027	2202	3504	5461	3643
270598	1636
4819	179
192795	5294	7469	1097	4840	39	5695	5817	872	4655	2970	809	7266	5894
4414827	2943	2946	3798	363	5457	16	945	4947	7391	4761	3720	140	13	772	2105	3780	6429	1346	6462	5982	7371	25	711	6941	5489	4	5954	4583	5084	5090
4451922	6904
917888	2197	6842
4348551	5259
936486	4534
726955	3568	1824
432284	2060
24087	4639	2799	2627	6700	7399	5516	714	2329	5924	6445	2691	1278	7451
4115545	2412
4358093	3296
1001908	1635	3044
3518	7581	3140
4358255	6782	5653	3807
521516	7257	6344	3899	2224	4555	5632	6143	955	2384	1412	3190	3420	1609	7065	6157
316734	6209
820379	6868
900319	420
331248	5776	3917	80	4808	7007	7274	1793	5173	3966	3830	1428	4743	1802	2580	6890	4076	4392	3462	4067	3274	1761	5134	1858	3959	1535	981	2996	5068	4078	5964	642	7309	2475	1084	5942	3777	728	3240	7339	7131	4358	4144
4313876	2673
1131185	5808	5513
4458984	5650	7314
34972	5250	5110	2652	5390	6323
1053321	2692	645
363383	7222	3232	1176	7271	1324	5914
1131213	5329
243161	7320
1049188	3551	2882	790
543491	5630
1127773	6364
2985422	2841
2035238	2793	133	5827	5094	4943	1030	5096	285	3132
4304789	2419
4256699	5521	7126
4422405	7316	7464	3771	5987	5080	6187	6674	3580	4647	1977	1622	6302	740	1367	2128	4592
875951	3542	2073	852	450	4062	5533	1630	6587	7099	377	5406	6438	7252	1245
1076413	4949	2406	2252	6489
1130804	3864	6912	4935
4480292	4199	4405
4321043	7169	866	6402
4484290	5127
137866	4795
796961	6067
828231	1117	1101
248902	2290
3319380	3081	6566	7475
1090059	248	1907	2875	2457
893232	959	2654	1940
3850831	3662
4434910	7498
505954	2210	1386	3761	4337	5192	5200	4162	5066	7331	1487	5116	1913	3647	4245	6092	4104	3658	1239	5919	3320	6729	467	1893	2933	3919	1910	1524	1133	2219	4114	5766	2737	4790	443	5643	3809	1983	2501	2496	614	2307	2358	1192	1623	1295	3847	4749	5377	2834	68	1985	4484	4360	4907	7508	5386	613	609	4427	2567
4380666	6010	5237
886735	3691	1538	5435	3245
4370817	3327	7202
4354193	7213
3749794	4987
4397258	1106	3162
296086	137	4717	1631	755
1010232	7148	6182
221891	4347	4683
4305674	3993
4372091	3367	5699
808436	7539
4421180	2676	1290	6020	2023	5937	1195	1520	1327	4189	3214	6598	3198
4476089	3384
816867	3331
298835	1144	5540
196307	6606
3047667	5568	542
544419	901	3477
151384	7494	1062	2251	1585	5009	6385	3558
288680	3122
815116	4417	5675	4525	1601
4450065	4711	896
217448	7552
873518	5017	2619
240826	3444
2545365	2754	2777	4271	7407
1018359	7359	3813	268	332	7381	2400	5076	7480	3366	6612	6976	7152	6762	1291	1053	3449	735	3883	7244	5428	4642
4410245	4803	6613	5374	2659	129	7444	59	1414	439	314	4919	5682	4416	5097	3766	3305	3278	2034	6347	4520	1887	2152	1868	4929	2675	338	3858	2191	7548	7628	2798	3507	6456	983	310	3664	4782	6947	2995	5258	5903	6676	5176	6099	1809	5357	5100	4609	1039	5436	461	3110	126
4341734	4962
842453	7248
760967	7378	7209	1318
313946	7026
576231	1974	1079	3811	6643	5010	5651	395	773	4436	3907
4296366	687
4418395	528
107878	6166
3330580	4774	4497	6481	240	5304	200	4135	4257	2573	577
904568	4264	7398
282328	633
1116069	6641
647775	5902	4640
647579	2959	5627	3134	5559	4463	7216	4310	5152	6858	7227	2409	491	252
4327501	409	1921	7025	131	323	1835
4313605	3457	1392	5240	2099	6198
922912	1875
4405643	6238
240553	5962
81294	5366	612	1847	5702	1779	3787	6351	3371	5866	3502	3932	6718
4430843	3724
99987	2954	2887	6572
753638	2648	1000	3117	6721
895813	3510
4329215	5505	911
4295902	6898
4368827	5266
4470065	1549	1697	2916	7037	3619	987	6094	5399	675	5585	6021	5463	90	3351	4878	5488	3200	3100	6529	33	3258
539862	2033
825112	1035	1973	7411	6919
744371	2965	2912	3146
4440018	5965
1079331	765	5248
227002	6646
4459631	7029	3839	5762	186	2139
4415788	7576
341082	7076
665877	3718
4347078	1177	665
11621	6603	3151	6077	390	6873
315391	6897	7138	5105
128604	3528	6287	7101	3293	6735	1616	5532	3450
249999	2257
1104592	5014
235825	1230	4530
4411088	4369
4447437	6975	11
107418	690
510937	2773
926122	4403	1231	3677	1244	5324	27	1855
426171	5888
4359316	4517	733	5098	5104	1795	1069	4759	180	4825	2043	5306	4771	6619
4472157	3624	6789
164404	1292
138291	127	2979	272	247	518
184873	6213
4391318	1597
4456894	4822	4805	7488
243579	5299
168212	7319	2473
380111	5796	6362	305	2732	616	373
2967255	4691	7470	4740	155	2446	1882	5730
4484193	6556	716
4350665	2025	5445	5272	3006
4335435	4601
223787	4224
4431248	538	4515	191	7419	1307	367	7079	6069	2404	6963	7295	6078	5818	3592	3347	514	2805	6214
172972	3348
1048605	3101	1552	942	5320	808
1071513	5460
168856	1490	5214	288
804844	5403	3409
893335	5525	4233	4353	4988	2743	4056	5884	1185	3013	6064	399	6519	7197	1648	5295	6361	7162	5913	6929	4508
115017	5383	3743
841344	936	7322
137183	7304
565312	6399
545180	5567
4380475	2143
638661	4628	962	44	7062	2183	4331	190	267
4416987	7185	3250	2820	384	5518	3534	1322	386
68617	7011
826597	1905	4026
29805	3732
1143	1806
382625	3233
822879	5867	5405	2465	935
4445768	2972
4435984	811	2697	6899	6315	1743	5782	6802
465403	2313
4453317	4653	6314	6522
4377099	4827	4548	3629	893	4746
4368597	952	3974	949	6207	840
4409449	2279
1718658	3532
4423243	1191	5030	1769
91695	2328
245029	3225
1126297	3635	6137	6905	5677	4787	4950	976	5113	4954	5831	5198	1656	2382	6526	4487
4354562	3671
797861	4567
350349	89
825474	6219	2800
4322107	971	6629	2656	1143	5474	1731	5705	5603	3833	4836	884	1560	413	1856	7166	5703	7003	573	1020
1105450	7574	723	5701	7050	2708	4471	3524	1461	2487	2744
896098	6410	3022	4422
4444965	705
4413396	1567
28732	4012	2579
901984	3121
1122622	2698
173006	5451
289658	4408
855538	3734	3508
793524	4339
2356817	6861
1030247	4158	5708	3991
4297735	5115
1021906	5169
277643	2076
922149	4327
973092	2779	7173	5078	4205	6694	124	7572	5624	5688	2788	2932	2441
259192	4362	1528
4312724	2431
364805	753	4283
341460	797
4368216	4554	7554
4479101	6283	3538	6701	7442	704
687568	6172	1639
589772	2092
894024	1693	3601	6300	1990
101031	6169	1453
808199	6959
204714	1799	3641	7193	3095	2540	304	308	4428	2380
578951	7347	196
912669	1219	2923
454228	4670
510104	3107	1415	1537	1404
4393102	5172
1105878	4546	2094	4668
4451545	2735
766120	486
386273	5330	3194
4339987	31	121	6585
4451018	4991	5005
4378369	3784	1789	6498	4768
297615	2131	3303
592160	3596
191025	2905	575
3230029	6907	5438	4531	6022	5031	1194	3872	1626	125	1469	6835	960	4700	5497	683	6435	4976	2201
4447605	7392	5344	782	5658	4370
737331	4391
1121111	7379	7487
894774	3221
152668	6225	1811
4449609	2948	6661	290	4229	5742	4760	2447	1943	6401	4893	6656	7336	2062	485	6059	1972	3170	7016	3413	2356	1362	1845	1808	1711	3272	345	5553	4047	1810	2500	3769	6017	619	5727	6427	569	1541	2842	6723	1941	5788	2880	3197	7012	966	5875
3538	7518	1739	1151	4915	4133	1474	2397	7115	1316	2264	5938
4451302	6082
4331184	469
709870	3383
1013299	2467	2123	2294	3260	6749	7125	556	387	7114	2679	7045	2672	1539	3565	2507	5333	4073	7589	4017
4331180	5781
105355	7614
4391989	293
263122	2562	6991	258	5106	3562	5645	1488	7544	4857	792	3158	1440	6847	1288	3427	2753	5806	5856	1598	3557	4223	1770	6877	4917	4234	6856	7140
1042671	1828
804920	4636
4308303	3783
4422794	6397	7143
818177	7231	994
4339351	6600	4419	3891	5434	596	82	3561	7530	7409	2089	2016	6725	5032	6772	6204	6472	2591	1964
218401	7458
1087462	4817
4414601	5293	7049
4389972	7340
134786	7023	1714	3234	1368	3487	5554	7262
533886	5449	2682	7376	361	5059	2928	3980	74	6164	411
827761	3836
4398706	5037	5347
2510538	2794	2862	3152	2872	7449	6570	967	5734	3036	2997	235	2883
222376	3670
355913	6226
147181	4025
324629	1621
583016	2366
203466	374	3341	3108	3582	6630	4862	4292	800	5157	4605
528577	5853	4170	5765	1314	1604
226470	6678
876926	838
4363665	2583	4260	5407	4538	4435	6210	668	343	7178	6072	2605	5270	6986	5584	576
4442419	2657	2106
1054799	4188
4297501	3752
4421211	1514	937
833206	3478
1090273	1755
814889	7182
706728	4343	7078	842	6160	6910	5179	1344	4622	5666	6798	2074	1676
971725	3169	1047	849	739	660	5790
275257	1413	6688	4341	4146
1028964	6163
4326464	6994
541436	3900
548799	2227
941803	4669
560075	5852
547727	6043	4572	7428	4810	3506	3019	4218	2012
89839	315
1122588	2989	2084	4151	6167
580164	4237
40435	157	7210	1980	6793
584319	5362
132074	4297
1100123	1729	4401	1684
673343	5482	2661	6188	434	4225	4030	429
469663	4304	2235	6127	6511	3418	4815
4431674	117	3985	7018	3453	905	3505	3098	7610
375541	2083
4480095	6617
4452899	4940
4301516	4464	6876	2502
245302	7531	7583
590404	5714
1122633	6734	4963	5049
1146449	3285
866365	2825
377895	4259
4327233	1268
4339772	5119	2849
4409044	571
4339777	7643
218885	2038
1034378	4523
646129	3738
225743	4641	744	7270	4502	3186
733664	6717	2341
352304	7338	4424
466882	759
929580	6321
155460	2181	4861	188	7171	6945	3808	5943	5148	4016	6981	6964	7282	5578	4116	1986	3241
318079	7578
359689	6783	4568	4371	1398	1171	141	5548	5561	606	3913	2827	6518	5413	4797	5323	7141	3431	4150	83	457	6610	7362	7366	4831	6205	6609	839	5309	6221	7318	6939	6961	4194	5909	7370	187	4847	4728	5206	3377	4509	6051	4266	3822	6376	4625	2095
32320	7555
546972	6464	4447	7033
4418133	6144	3824
831596	6391	2554
100737	4475
4339173	1927
4468631	4709	2890	3519	7288	4192	1734	3406	4658
3449122	7051
904631	5495	4491
878663	5472
4402734	21	3210	5028
4430681	3905
4479483	5647	1128
359779	943	5687	2784	6695	4608	6469	6940	1203	2936	5353	122	4191	6854	3540	1771	902
998071	3031	6657	7112	2490	5073
1050411	843	1301	2926	2727	3633	5676	5607
807480	3046	7481	5083
2947336	1826
809635	4466
4440251	5517
4444046	6041
220269	1353
276493	3982
270382	2177
1096610	6968	6886	5534	3302	2422	7206	6859	7008	4063	3739	3248	857	2460	7374
4451932	1602	4479	6070
1122584	1403
973465	3921	1548	5968	5785	2482
261264	1679	7346
260790	4455
456617	6193	5793
833845	1304	2336
4365143	4589	2385	6142
4465887	2549
160268	1405
2910306	4481
4301997	1196	2222	2557	5426	7303	2051	1733	4397	2837	6871	6742	2585
139075	2078
112323	7489
4330340	71	4714	5835	6625	1569	2157	5452	2724	3386	6369	5036	7230	4579	3139
4309997	7110
4467260	6227
1133624	6597
70363	2747
271548	282	1187
228186	2434
1002664	4925	4802	7239	1627	1742	4745
4404405	3239	1225
200629	4345
4377418	3969
1032520	3715	2527	4839
4375127	1458	3667	7073
4473756	2749	6279
9283	3630
805062	5588
813805	1379	1055	2396	7401	727	5283
569992	2030	5138	1530	2486	1671	636	7130	3196	7447	5538	4431	464	3388	5558
108905	1149	5223	6024	6757	5161	6418
300865	1454
312294	3335	7254	2480	6605	7579	743
1118446	1783
4358020	4796
1114157	3595	2392
804686	1210
2485203	4726	5713	6038	4677	2992
344703	5846	5863	7246	4040
245654	7562	4506
740825	6304
143744	7551
564487	7532	3661	326	1929	1260
4344651	681
553111	2104	451	4615	5380
895341	3264	4269	2	5844	3875	6378	599	5661	7560	4071	1014	6004	1214	951	5496	5054	5811	6436	5184	2935
4432358	4445
910426	4780
4438594	1004	557	4912
2203624	5744
876714	5610	6494	1554	3750	4539	6671	7476
1111024	2229
302352	1010	6257
611146	4172
92430	6258
4326452	4747
907684	5221	410	7035	846	6971	588	4812	6797	2134	2015	737	5409	4106
4472969	4892	7145
238660	1370	5112	7477
332788	415
4418140	1612
1144747	5400	1920
3464844	1738	3332
963877	2987	3714
1068363	6997	3689
778484	1070
971353	2618	5034	4437
786708	1817	2982	1874	4961	6031	2864	146	6423	3372	585	6355	14	6312	6813	999	6455
648508	4118
4112169	3690
4372131	2674
4321498	7237	4577	2942	1814
4407694	4559
4330939	5213	4654	30	3089	2865	114	2891	4838	6240	3284	7135	4198	152	4300	204
111978	6239
4339774	1201
139279	7219	249	885	2518	5210	2107	5917
882023	5696
777467	6482
1095960	4367	6417	2334	2623	7443	2847	7468	4159	2829	2225	1447	2203	5670	394	4734	3078
4360323	3490
504492	6176	1339	5021	2140	299	2984	7017	6066	6984	3195
869796	1843
666506	630
4464602	1540	4309	2026	1725	6432	4430	1135	105	5159	6079	3708	4946	3470
4354540	930	2276	880	5620	4858	780	4488	3971	4855	5599	3644	2785
770014	1422
160852	5619
982133	445
4436334	2720	1931	1161
498081	7263
1065314	3947
286878	2910	1442
4383165	1267	7461	979	874	5778	3173
218980	3605
4044060	1166	3144	7426	1456	895
988172	6555	6839
32581	4474	7646
4306355	2343	2968	1842
857635	4866
615603	7394	3700	3867	1928	3183	7432	2212	6866	3588	5829	2375	4124	3294	4493
515209	5549
3866487	58	2413	396
1056445	2746	7462	5345
449855	431	2009
579008	5803
1046488	5715	4050	4433
551050	2149
4470258	5723	4385	7323
589152	6171
4483034	6016
1143645	914	5940
4465896	4080
551186	3312	2871
527630	907	5455	2228	5245	7061	5614
1146180	65	3381	7212
1127280	206
4396153	1695	2844
2020091	863	1735	3138	6439	1562	5286	1647	3361	4663	56	2091	5289	4492
1059777	3282	1495	2263	3742	4887	1937	5316	5797	7354	6752	1013
222699	1238
1523627	3852
818527	2710
7821	4083
982912	1898	3422	4187	1297	6852	6673	7328	1369	2658	3726	855
712797	6405
311820	6253	6857
4331217	4181	4756	1343	2973	1564	3393	980	6093	2087	160	2966	5911	6271	119
4471279	2270	5673	1728	6716	2555	1662	975	6392	5300	4121	3025	1211	2168	3953
1005773	5244	7325	1251	3543
134121	4537	7327	2148	1435	7512	4844	5800	2504	5684	1302	6056	6192	833
799342	6032	1395	7542	611	7238	1987	2052	2362	4274	3324	1384	1028	774	4569	1027	3576	1667	4393	3915
1109208	251	4679
794417	2574
4378239	1299	4147	933	3463	2762
3746876	940	1265	2495	1945	7605	1583	6895	6033	1418	3300
718335	2151	729	402
1135155	7621	2377
981179	4138
655874	5462
173906	1294
301554	6441	1838	1276	7642	5412	6901	6551	4034	1831	2159	7377	3428	5260	3143	6775	3531	2240	4029	2383	2639
636042	283
4396576	522
989766	2231	926
4363269	4941
536902	1894
4332665	4411	3254	2031	7600	5224	6539	4286
4429907	3481
4370361	6538
236204	6259	7521	6490	5544	7092	5936	1024	5600	4402	535
538185	7573
4456516	1098
4305857	1890	6544	928	934	7311	1825	7545	5085
4388776	6824
112266	3077	1659	1518
528357	7591	350
4416843	6216
329481	5118
820713	4175
1003653	4253	888
146126	6577
654307	3610	5635	6553	6703	7430	597	2068	2370
4442659	869
380567	6115	5040	4173	7180	495	2059	108	6335	640	5763	3893	6345	7424
4442656	7526
264425	3208
2777512	3129	3440
1135576	3154	3458	3425	2678	2584	3421
1675799	2814
368218	5565
112867	2756
4340087	2117
876945	3321	3394	5828	2879	2565
463361	6690	1389
4367782	6388	398	138	6916	4206	7276
4351304	417
112715	722
1023953	1846
4413525	2491	3890	6844	898	2733	6744
4363681	6554
621279	5279
285591	5718	7448	3563	6620
4473358	4456
814864	1351
940662	6979	3747
4434799	1202	6770	2401	1692	4282	4356	587	4203	3288	6973	1644	7623	6496
564587	5500
4318352	1849	3789
1147938	430	4035
194442	5617
4445955	3333	4141	3547	6768	5365	2325	6058
525391	1163
4480952	1157	6252	7364	1618	5322	4854	2855	6967	4221	4323	2810	5637	877	7584	6697	2472
815480	4720
4467810	2653	1284
1027726	4039	3424	1022	6956	487	405
4468125	3614	5733	4064
4436051	904
4397708	7191
4442076	6155
4341109	7435	816
908868	3306
573413	2066	1991	4232	5628	5108	3728	5700	1834	4763
225346	593	7147	977	2407
4354333	669
541346	1025
257611	2462
553352	4784
1060246	2570
1044767	7119
212619	4596	899	1863
1111968	3094	2103	6179	3632	6977	6250	4788	5229	6936
4373613	2280
4373617	442	355
3837187	6235
862357	327	3005	5862	3155	5095	4644	406	4294
589335	5662
722854	707	4166
3658133	85
187297	287
511795	5756	1068	3227	4573	3056	2217	778	2545	1816	3369	1439	5441	2218	3687	6231	3926
357873	2911
239128	69
2357378	5467
223377	3219	5672	639	897	2999	4891	4132	4469	478	6576	5432	1271	7207	1140	3820	7009	6766	2519	1313
812073	4496
149819	4140	3281
43316	6074
4762	1588
282561	6583
4458304	6843	5394
813272	5122	7546	49
449595	6201	2206	2637	3017	1216	3546	5801	7160
452998	1118	4570	4075	5976	1228	3838
26459	6465
4339358	4519	1496	7324	1505	7604	5044	3937	3156	6808	2445	2316	3309	7343
4364549	2816	2348
224566	1444
957772	4499	222
4345857	6915	3290	6375
120514	404
989384	4272	2745	820	5087
4369229	7109	989
332934	5446
332935	7429
230528	2921
4342739	2337	5898	5241	1273	5041	6480
401306	2927	7344	3476	4958	1833	632	5689	1932	4053	303	7053	426	6177
241487	1522	859
306710	3594
348703	777
4456633	651
292145	5758
4396361	4014
21860	3768
515169	2547	7384
2183687	7190
1126651	4442	2085	4394	452
1901956	4383
4437309	6147	3091	3168	7335	3717	3861	1944	4154	7287	1521	783	1105	4289	986	1476
236684	2650	4183	3923	3473	715
128390	340
90701	4122	3857	5595	5332	1513	1981	5448	1710	5805	5897	3334	2606	730	211	5278	6319
544841	5669	4036	6012	625	4575
962282	142
545862	2144
345362	259	1594	2153
1692229	7418	2617	503
1091685	2174	6461	3001	1050	6348	3087	4588	696	5024	4219	3485	4037	785	4231	5174	262	1121	4461	4624	201
1813677	4381
4371572	6191	5385	3760	6042	6138	1678	2199	6719	1427	139
937961	3862	7283	6558	4254
9171	7259
936565	3364	4955	3063	4850	182
377613	55	1287	3209	6448	4590	4934	2951	2244	4982	2127	1632	6520	1464	4412	1775	2765	1707	2101
4404	6458
809192	6990
208343	913
1116888	3998
3815760	1658	1233	3996	6150
4399397	5813	6515	1372	6199	2730	3350	1532	4779	5870	261	6457	164	3489
203733	6080
4392866	4528	7493	1090
671156	2351	2155
513640	4721	1886	2499
179067	3068
360826	3927	5175	4676	1493	6738	5420	2077	5151	1584	4871	5923	3226	2302	4627	3725	2696
808372	6320
146138	2971
1096010	462
1011958	6212	4806
4360168	6993
4447214	1555	6632
1139057	3741
285908	6018
646398	231	3071	3069	5195	2415	4710	4876
4446565	1763	6246	5074
851668	7372	5296
324677	5759	4510	845
317511	2398	7006
4431110	6974	3448
157201	99
353158	1732	2568	5494
2976060	1854	6969
4413732	2216	4238	2944	5424	6474	2395	4275	516	7597	7232	1158	2577
1062051	868
321601	5657
331234	1581	3713	2505
760221	4454	5925
242917	6863	3482	3621
1000816	3469
949749	3410	5912
789411	4552	7352	4617
4349019	5895
568934	1445	2236	4920
1068562	4564	7507
4313865	1124
4397932	2319
819326	2824	887	6365
4354149	232	1675	260
4366579	2960	6131	6714	2013	1666
1109260	3554
814145	2831
2874960	4665	3298	525	1127	6811	1613	5847	4074	1064	5450
811644	3881
1108658	203
359891	804	7550
106997	2141
659555	2372	2767	7030	4351	4165
960702	6178	4918	4451	2185	2037	6720	6295	5052	4407	7269	7412	6000	1689	4501	207	6065
941630	825	286	4881	6275	6101	3945	5757	2686	1545	6809	4364	1125	517	1272	5975	3442
539570	5218	646
143386	3828	3456	2683	3484	6684	5748	5664	624
899734	3781
4412936	3337	5877	498	802
86606	7388	265
4413511	819	7069	2312	6851	3380	5485	1859	1550
174016	1590
664589	2435
651897	2786	6414	4708	6803	250
4452844	3855
224486	1102	5519	694	1936	2390	2417	6958	23	2752	1832	7474	7261
4323095	7120	3631	5767
161011	2265
1008311	6007
8407	6935	4005	4164	929	5027	4249	7170	7567	2196	7200	1051	1448
199919	4473
347595	6647	5233	6776	6832
4420570	5791	9	530	4398	4195	1049	2941	1970	5528	5660	5963	595	6750	2220	4210	6849	1587	7540	973	2902	1457	4326	1982	5263	5456	5878	5209	3941	5318	4586	5062	1186	5338	5290	1593	1976	143	5039	1737	6274	3128	1527	3459	5659	6485	356	7390	7438	3640	6206
4385222	7389
1039699	7233
582047	5219
921635	3544	6777
4353073	2355
4453484	5
812661	1776
1083949	5799	1687
829240	2897
4224746	5882
4341586	2172
337644	5598
3879458	2036	4226
4375466	776
760806	2852
616660	4744
613294	177	4656
4328501	1650	2741
4404895	890	2643	3176	436
4327415	4931	3026	2303	6921	3247	853	4350	3403	51	1500
922698	3950
1067268	3205	6938	1519	2559
4465158	6310
52421	3646	4750
4441357	4841	3622	5256	3705	5401	6792	5464	2597	3730	1561	4182	3016	5008	6129	3251	6023	4671	1200	6937	5185	3814	3412	1001	3676	1241	1355
4378411	5055
509773	5836
224828	6108
187841	216
271035	4718	2819	2047	3153	1150	5997	3472	824	2195	3276	3455	5698	1801	5391	5755	7345	2080	742	2899	2774	3109	1190	3970	3220	5915	3043	1869	736
4482309	5594	4826	4547	6280	6451	5958	1655	2670	6536	4346	6611	3435	6025	527	328	5048	2232	6488	1462	6778	2305	1058	5305	717	6268	5999	4673	4957	3253	4449
633838	1088	3113	5023	256	3522	2636	2977	476	1136	4176	2238	7627	764	4522	1558	6527	2241	4789	4303	791	3125
559317	4004
368717	6604	1086
2927689	4914	3684	5476	4681	2204
135981	2361
301574	1298
4399723	6952
884613	3963
141810	6812	6944	5454	6202	2782	4093	2552	7052	2702	1722	6499	6828	5736	3492
742770	2410
4471497	7019
4352471	1700	3145
1054174	1767
1035753	1426	786
1086805	2452	2969	7151	1173	4716
4395020	4999	6040
919627	5015
926770	1865	7603
376489	7436	4284
4320462	499	2323	4472	4928	1350	6966	291	5102	1	5183	392	3468	2373	826	1016	6266
4051670	2061	6396	6146	376	243
710275	4848	3238	401	854	7406	3161	5227
1981833	5747	4652	5381	4773	4072	1820	2938	1255	1152	647
768729	5421	5490
4463044	6942
128183	6693
138130	2300
4472200	3729	6228
727462	4241	2426	4201	1430
3724514	7297
346204	4081	3259
4428749	6305
3805726	680	2178	6627
676066	4500	7260
152130	4580	6748	3228	2432	3397	364	5089	1006	3023
542066	6533
4413729	7010
690001	6516
4358019	1336
2291414	6528
341322	53
1139117	1046	7300	6571	2275	1857
2813895	4813	5433	2427	3762	1674
243500	1123
288249	3313	3141	5313	5120	4051	7484	6282	652	5922	1452	2621	545	7264	1165	3846
319672	6578
647292	4204
1054919	4612	136	4355	1891
4408928	7500
1068572	3398
4468812	4440	2138	1394	6771
1052181	1410
4320648	807
4461508	2608
324710	6083
537254	1611
4483077	6505	6386	995	400	1997	5920	6902
543419	4924	3201
143663	4620	2646	6513	4762
4350690	4125
1887414	132
1107148	3179	254
1126064	6002
3334374	1637
979344	5729	7235	4980	2418	77	1864	6380	5361	1402	5704	1917	4727	2281	584	6686
3334373	4079
4446003	2939
913278	4997	3886
4412902	701	3322	2625	346	5959
4319587	7353
1097820	520	3992	2223	1258
208929	6787	1198	4423	4209	1481	3887	3088	3028	7091	2071	6332	1154	1933	3246	6838	5045	3859	6796	150	5444	5437	6999	3085	1751	2255	4904	1145	4314	1382	544	3174	5939	7021
4429439	5995	5850	3012
993307	168
1916598	6917	931
319521	2595
564911	6982
561435	3733
549557	7004
3454566	3745
354913	961
4381192	5155
4296075	5217	4148	4703	2428	6933	5681	5974	5864	4077	6200	214	6453	5359	3914	5486	1373	2632	2296	3415	7116	1347	988	1262	6815
217555	7015
689196	3697
946179	4561
4353063	4178
4306148	1705
533787	6134	2759	3057	3291	7358	7294	662	524	5720	2892	2301	6954	4897	879	4380	3323	230	2097	6028	330	2956	475	1672	7164	209	3287	7245
561727	94
897649	1946
614562	5545
1095402	1952
880506	2479
4465998	5051	5261
1086240	5367	3080	3821	2057	7055	1485	197
723493	2055
139410	4130	1139
2818167	607
758309	228
4460032	1888	3694	767	5542	6595	3758	3488
574416	4476	4623
369953	5459
4316348	7142	1957	2053
4332922	7108
833957	4792	2239	3446	7624	6091	7044	2503
4316015	858
4303249	561	5004
536046	6381
4384802	162	2571	324	6400	529	385	2909	1848	1516	3795	474	463	6337	6324	1900	5331
873621	6524
4419006	4593	686
1124689	1491	1421
653788	4308
4471717	6549
4395581	4529	2391	1096	5830	3960	6821	6230	5458	875	3523	3277	6003	1137
105782	1509
1142962	4723
4431590	2116	3052	3187	1189	4038	6046	6096	2704	7393	4448	2628	7490	2146	4243	883	3103	6989	313	2655	4483	7629
4253641	7647
878375	4981	2904	171	7404	2755	634	2250	1543	6382	5905	3567	4772	3663	1471	6626	2770	2898
4467220	649
895892	6794
1014513	6272
560709	6837
2228264	6307	1517
4458619	7085	3273	3600	2610	1899	2815	6953	5142	692	2079	3810	3066	4722	4363	536	924	2049	1646	3710	194	1168	4090
4288309	3339
4295725	7519	4344	6726	1484
1129081	3266	5408	502	749	5235	532	6508	7348	2861	5129
190233	1002
837092	3268
4343884	3731
3229180	3061
569952	4512	4386
743839	3536
2792397	6546	1359	455
278562	3329	4860
855968	974
1128592	4953	6468	4874	5563	7093	1971	1553	5284	4216	6829	531	6763	2718	193
578960	1925	4702
509881	861	4540	1087	5499
519673	1008
317024	603
797998	226	5507	6168
520083	1470
4481423	2308	7268
4431178	6479
4344055	412
1134195	46	2267	7106
495007	923	7071	2947
4412134	5140	6823	3880	667	4518	1706	2529	5851	6660	6030	7472	2839	5468
177933	870
1129425	0	172	3679	2295	1109	3495	5904	6145	6346
851938	2115
4322256	7357	4001	6865	6691
437481	389	2804	4875
264585	2022
939545	4443
399270	2629	1906
270833	663
4407305	3613
238020	1455
321063	2173	3526
2896104	5991	648	3703	6756	2596
2336269	4258	2885
1126072	6106	4338
1132020	6374	217	5932	2998	7349	4661	4299	6415	5060	1387	626	3573	6500	1012	7585	7087	3920	2253	1083	7156	810	3683	5523	5823	5063	3265	3938	862	4028	6437	5201	2378	2193	3465	5506	1501	1638	6517	4468	2299	2471	199	5952	1091	1019	7387	4108	5780	4846	1146	3984	4894	3229	6502	4701	3711	7228
4336330	4748	3003	970
678813	1253
4406782	169
4322410	6071	7594	5387	1642	3011	2919	4909	6089	7556	4365	6446	276	5907	2543
1104160	5236	5837	7081	3114	941	5038	5181	4208
1119199	2671
4418696	4930	547
765979	2440	7580	4704	1441	539	2368	5447	1131	617	7367	5597	829	5415	2489	7211
558858	7611
4354699	2326	4066	6564	2563	7047	2354	4261	4566	3770	5706
763621	6330	2533	3653	5065	1017	4956	1057	5596	5247	7249	3796	6534
992225	4438
4457032	198
976441	6140
136162	4543	509	3979	5566
3594442	631	1360	4849	5056	2050	2881	6581	4791	7486	3172	4240	5416	4270	2000	2929	2789	2797	653	5802	28
47737	3396
273651	2342
961454	5341
4353585	2114
195929	6269	4372	3149
533026	7525
1953696	2098	5298	7416	4418	5794	5317	4511	7575	6267	4177	1663	6896	5683	2090	2958
435795	6672
12408	3192	5933
4473893	7278	3860	7363	6333	2142	6242	5928	505	159	6833
257150	6013
4330849	3685
4397087	4607
4474178	2347
217548	5481
1010510	1823
103870	2113
4453501	4273	1108
431766	4409	6398
4391254	6292
1060549	2032
1106203	5656
704830	537	4032	5086	3936	1007	1423	6248	4885	5170	4692	4457	6291	298	1092	2481	4967	6158	5077	3157	1153	4618	6395	2714	5636	5136	2120	4103	3000	3778	4890	789	4414	7225	1727	574
173398	153
2660128	5795
789104	4648
4043609	2411
4307825	3242
452924	4600	3994
817926	1274	4142	7133
647673	1489
4323100	3030	7503
307611	1060	5580
1125638	3159
580992	5419	5480	7543	7285	4446	4494	6261	5515	1031	2522	5716	447	3164	2169	6254	6306	724	7242
592858	1081	5530	4486	6428	1760
4382182	1175
220524	7637	5738	1718	1664	1497	4972	6495	6846	4739	5697	7635	3791	5608	2394	6294
878765	1794	3577	5967	1724
428705	4614
904468	2931	548	1615	1266	3874	7068
4313545	1226	1141
4378477	5560	697
184753	2949
4335781	5364
4325519	5739	4220	4015	477	7514	1807	5016	7214	184	5281	3625	6421	549	7410	4770	3375	2663	1721	5642	6222	3443	7598	6316	889	6575
13437	101	699
4342070	6195
983600	4542	5376	2126	4227	1704	3884	1498	1649	3136	1938	5356	2096	2497	4662	4098	7445	1822	2953	1669	3853	1112	2249	1065	3553	5841	280	732
1083298	4382	4883	163	4295	6669	6955	891
4471705	309
205559	2176
1053100	1576
1048878	6681
557799	3620	3541	32	3590	7454	102
235698	1420	1315
4398614	6506
208315	1889
2228274	1504
535432	1148
1086644	6906
113068	3360	620	1223	6631	3142	35	738	6170	6654	7460	1061	7192	1772	3805	6830	1434	3236	4859
4301518	1908
210800	2900
4451251	3657	939
4457555	3352	1159	2260	2456
4457554	4933	6923	7153	3180	2775	4591	1563	4042	3008	1870	5177	3447
4352233	2680	354	1768	6477
4481986	6060
948115	1904
134470	6804	2845	10	4637	5252	2209	2393	2463	341	3904	6623	1670	1156	768	2725	5225	3655	5164	4674	1787	7256	5035	1338	2056	4823	6614	336	4541	1095	586	6121	3491	7308	3074	5440	2922	3292	6027	5872	763	2291	7291	821	3925	6724	1438	7024	3707	1303	5935	1947	1468	3093	3035	4910	2187
4434810	7636
509891	1270	6284	1494	4863	3267	5203	4505	7534	3877	1229	3010	1745	2569	6340	7183	6667	2150	550
316544	6760
133122	4715	2277	6301	6353	1930	3167	2309	5573	7618	7100	5678	2424	2321	7452	7369	1526
841971	1483
809239	5350	5618	4775	6550	3645
637199	5858
4419795	7607
562523	1417	6354
4329518	4729	814	3972	5753
1042160	917	296
40101	5946	4926
4264997	1358
311460	650	4169	5425	7150	4228	5868	5961	3999	312	7255	2353	166	5531
112752	1797	7427	1179	4061
657878	6011
4434444	4604	2340	1009	748
4170477	229
4389260	4994	3894
996116	745	7175	1419	5834
1039041	3261	6422	4879	5842	1661	1786	1570	2576	1715	1237	3096	2160
1029187	3983
529444	793	4359	7042
2994818	4467	5033	7241	6148
735945	7104
333602	5612
3980966	3147
938557	6930	482	458	6836
4418354	100	1892	6708	4084	2556
137594	1393
1068339	1757	713	3215
330353	674	1557
109591	6853	2532	7090	2598	73	6132	2614	4765	7229	2310	1759	7590
24493	3618
280369	5346
814952	5064
855003	279	6035	6454	1250	3075	6087
151650	353	5646	7111	1796	6509	6390	6085	844	5410	3552	3090
156438	317	289
353728	3763	1690
711663	5777
4466549	2590	6666	6931	6367	2660	5908	37	5466	2506	5880	1765	2908	1813	1699	5892	3203	805	3408	3785	948	5551	7333	7258	2635
834663	608
722817	5652	5070
722499	40	6293	4944	4869
354971	5088
4294838	4786
150877	2474
394852	2324
197179	365
910853	4631
4353264	359	1620	1116
2870454	3628
575542	4736
710629	1958
867184	5557	6244
933051	70	4785	3058	1591	5869	7084
1094594	2464
4361153	5121	1525
1033211	3790	3578	5814
4453723	944
204970	3636	5663	2360	565	1436	484	954	1850
582921	1934
4468694	2451	3835	4129	5865	7226	7582	6962	5453	4000	3901	6026	1885	4057	5171	4068	1778	7586	4816	1243	3816	321	2783	3961	7608	5615
4468695	3189	5111	3666
4468697	3997	2925	510	2701	4979	2448	2952	658	5470	5749	3627	4171	578	2374	6471	1167	6444	7293
4357118	7423	3357	523	4582
4393711	3429
862869	4126
130969	2918
4479606	2550	4901	2333	3674
4479600	246
882788	4498	6913	5204	1363	6090	5363
215447	6442
4382476	837
154684	6786	4008
145276	2162	3065
1066559	278
4410353	4247	3160	2560	6486	4516	3185	2021	6290	2414	6960	5768	2213
587227	54
562141	6817	4480
1074248	6548	2154	5556	6628	1207	7351	135	4313	3336	1443	2248	6251	1480	501	4526	4616
103846	691
4454140	881
642614	5740
574432	5848	120	5648	5775	5071
4008562	2903	366
187838	4938	7236	3060	4557
4315675	4278	7505
973488	2638	2179	2271	106	688	5310	3115
4476950	2344	2266	460	3843
1142302	4834	670	6173	2018	1220	18	3794	7043	6363
4325506	2601	263	242	7000	1773	1011	7529
336364	1610
4382604	5103
4312153	6463	128	871	5990	4193	428	448	5493	6331	3316	6504	6888	4694	964	3602	2993	5378
921687	3	2812	3585	3411
1133172	2843
4432930	5570	6761	6117	2695	4880	6878	446	6053	5101	3407
698236	4267	6349	6112	5348	5821	3928	1397	1252
4346820	5547
11427	1289
671376	4018	433	1766
879229	5147
682945	4387	5784
4308332	4426
4327628	6579	766
819999	7002
809715	98
806548	4664	6220	7441
130030	5423
874272	4565
2201166	894
798861	3014	754	5832	158	2469	5631	3135
666967	2664
588670	601
4404464	3648
4398570	2349	3126
113232	3801	5053	506	3981	5783
4458755	7557
4456018	6918
237595	946	1054
495391	144
532232	6825
4391116	5205
202331	3598	7522
982282	3678
824244	5934	1726	2017	1897
749769	7048
561146	4366
891599	1534	1713
583089	5606	3910	5591	2742	2869
68458	6950
851821	623
248337	7234	2028	3378	5930	3649	7638	3800
788876	4900
643950	3202	275	6389	7516	5314
4319207	5061
217969	4660
684669	610
4473114	5285	2121	7083
4425634	264	5849	2802	1074	5726	6263	5691	4769	5966	6111	4798	1208	4906	5042	2859	1617	2042	6709	1183	7306	7397	1682	1551	3574	115	3606	5910	2857	2226
542979	3978	1385	189	4395	7097
512489	1821
585708	7342	2940	6298	3471	7606	1099
158047	112
584384	3912
4397998	388	2124
1108457	322	4096
960217	5168
287813	832
4300270	4578	6233
4325081	1701	6727	3325
749904	4495	202	5013	2945	6097	5149	1698	2369
825502	6273
4480022	4415	1926	4396
4477910	2706	3944	1915	2461	1923	4649	2035	5955	1993	7279	1819
4341010	5498
257173	3207	5243
4386317	5075	5442	4630	3530	1110	1748	6262	664	4420	5668	20	1804	2521	7478	6426	957	6972	6241	1279	6062	1691	3623	2830	2615	4444	274	3751	6379	4069	5207	6740	3898	4799	4998	5950	1703	4851	860	3358	836	7203	5025	7437	6180	1876	1330	481	794	7504	375	6356	3908
4472294	3382	3737	1840	3224	4755	3922	362	1015	5921	2439	7453	3896	5238	5812	5622	1213
1100082	24
4469864	4873	3611
4296681	5271	2190
4469867	2983	5188	4100	757	5819	7415	4102	3701	2430	4571	4368	1762
847582	2713
1148005	1803
992686	3055	7566	6881	4023	7592	7005	175
606368	1352
1141575	3535
575555	5375	466	4325
1140223	4290
286030	6149
776570	6208
581248	5840
726273	3942
4420408	4324
340316	5927
717095	823	3721	2848
4473295	5487
4410507	5355
505251	4713
223097	4354	7253	2832
952003	1841	5524	4606	5839	7094	5947	953	2612	7564	526	4052	2065	5242	440	7373	337	5325	7434	6791	1645	5335	4222	2200	6183	7218
12564	7632
220297	4646
828489	2863
4465540	7527	208
4408362	4778
4483056	7275
4454082	1460
4427546	2484	3486	7174	468	5001	4318	3271	1681
253660	4504
722376	1115
503174	4336	6712	4378	4975	7421
4154872	2365	594	5082	7639	3041	4251	7034
4454153	5798	7535	6126	3222	760	93	5231
177991	5577
4379413	3564
2815573	6161
256945	6788
807070	2808
4315660	3806	5275	4732	1380	4970	4598	1688	2261	2129	5107	1901
686789	2873
48874	3059
1133769	1222
75585	6372
1039477	1881	851	3430	4828	3559	5807	2531	5123	4153	5957	1056	2246	7127	5931	3776	813	2914	6211	2048	4425	6116	145	6100	2493	1582	1746	178	449	4009	2886	5572	5634	3939	2024	4377	6552	3740	6668	3027	63	3589
244116	1215	558	1942
612311	3869	5254	6892	4330	81	109	5537	2345	1038
4444121	2044
413415	3539	7510	6317	6334	372	750
4466932	6224	4070	6584
902698	5208
4413678	6765
688363	4441
4378679	521	5382	4651
551472	6983
579240	1217
4472420	992	1744
4399767	3497	693	6189	4306
968880	5569
4419310	7361	300
3881469	655	1499	7528	3064
113004	682
4464949	2860	6153
12290	5536	4086	515	3501	2693	771	801
4347159	5601	1326	3579	4404	7433	6615	1257	2866
997642	6081
951905	6118
508890	3349	301	5273
832215	2387
278687	183	6507	4886
4431704	5132	3659	2607	6664	5483	1956
1109607	1912	5501	762	6523	4870	6998	6029	3933
185428	213
4329378	4157	2828
972181	5197	1665	7568	205	6893	7596	6996	3120	3885	4022	6596
926531	6510	7332	6675
4481613	5268
828776	5587
128300	352	407	4809	1994	6281	3952	3445	2298	6061	5232
340761	6840
4328978	1312
113352	3686	4045
636687	7066
2216489	5539
851634	2974	2525
4422628	5228
823916	6113	5605	3295	4432	6731	2709	4212	5143	5343	770	1063	3837	6203	3235	3119	3892	1041	245
636755	3116	5191	4160
966278	6531	796	7107	541	4214
4457840	7181
884940	6318
1112550	19
1114097	471	761
4449829	3550	2534
4141983	6368
4349519	2771	508	3037	1720	6909	5543
4349518	4332	1111	1827
4350499	726	6795	5686	4666	3067	3863	2388	3053	828	5397	3977	5312	3815	5854	174	7217	1836
331282	4952
4411875	1366	444	3943	6637	6928	7499	1924	1119
849080	2751
1127736	1218	2082
4389042	381	5360	156	3987	5154	5000	5953
314477	540
4333751	4119	1221
1067451	1792	1860
4425629	1696
1076279	925	900	5838	3460	4960	1844
945326	4989
945321	4268	3467	234	4800	7356	2109	6404	7146	1341
360432	1377	1256	4478	6256	919	3416	1409	7134	7602	5665	5602	3256	227	3054	6805	5529	1948	5196	4689	3759	5833	4439	5321	1960	2626	5057	2287	1955	4388
322234	2136
4418684	5303	1633	1852	5885	2205	4112	3359	7064	4584	758	4190	7634	7096	2156	2739	7299	2040	277	349	2818
4416592	5186	6243
4480703	6745
4355718	4877	5546
268968	6946	6699	534	6801	42	5339
137420	6737	4027
67813	3656	4837	5503	3955	7280	3338	6663	472	7609
786067	1547	6790	2851
541299	5099
4349732	5719
1119093	568	1595	3461
170481	4348
4306723	2544
62406	2069	7630
509304	4384	1431	6728	1416	5162	4602	5368	2436	3995
4453743	4296	95	7020	480	1653	3237	602
813217	4737	6943	167	3231	319	6816	3651	3500	806	7179	1764	4695	6223	6162	1716	3345	2803	3464	3097	799
1044278	210
912184	4595
994857	580
4470246	113	5019	4006	1269	4864	2180
3393186	4899	1878	5166	6746	4965	4179	5072
109391	1040
1059857	4514	7619	3175
872446	3083
4310398	5264	3230
4341461	1954
816425	1032
4474906	111
413557	2517
523792	3417	4752
652886	6110	6879	6530	741
249385	6311
258161	2558	4379	7124	5871	2130	437	4888	379	4020	2587	441	4099	3308	3032	5130	1388	3716	5815	1953
431910	5262
240715	3696
1085018	358
2279387	982	1511	2186	2110	5396	1184	4236	3070	996	2669	6692
576785	1798	2133	4801	7301	562	5773	2913	1574	7251	4459	3286	5845	3604	1660	5370	62
4315658	3400	4049
335772	2715
3152260	3404
4437418	3319	1544	2086	533	4149
328105	5874	1909	6759	7383
222843	2833
687649	2318	7189	1871
250253	2063
253212	2420
99322	4776	3844	512	2930	4317
3778553	329	3029	2282	666	4536
21795	3951	91	334	991	4374	7565	3355	3895	803	5876	5511	2010	2509	1333	1306	909	6326	5789	1075	6659	5859	2054	5971	5160	4044	5743	351
686688	3024	1264
766020	2421	6120	393	5994	72	1995	1248	2379	6459	5369	5150	4115	2630	511	6799
13375	2438	3903	3931
128227	7102
105699	5276
586141	22	3252	6573	6289	4312
205343	4974
4303016	564
890516	3009	581	2957	2721	5916	5989	7054
1843701	6754	4804
367189	3073
4458733	1984
4354822	709
7382	7129	5510	6563	5690	3301	6215	4280	6682	1034	5349	5193	1575	1277	6845	459
105839	6711
4321318	6014
2224378	3548	3968	7074	7615
247460	2640
12176	6449	1753
4460853	4696	2642	1784	1606	5220	621	1922	2108	2020	5267	1790	3402	60	841	3560	552	2644	5770	559	4010	6741	4319	5900
4470500	215
547614	725
800298	947	12	6277
4345543	4215
4458424	335	6107	910
237179	1305	2748	5354	6599
172332	2332
4383943	1320
4340495	5981	165
3883903	4316	61
4411669	6658	3191	3695
13393	3206	3866	7536	5135	7420	3385	6636	2513	1340	2766	4767	656	2376	6105
4434070	5131	1709	4650
4340498	2703	2019	1130	4757	3642	2622	4113	5692	4758
168254	3612
4351391	2011	3211	257	6733	6175
4334053	1791
1099760	4818
1925094	950	3474	5737
226846	7139	5315	6635	1396	3310	1657
651004	5893	2274	4724	5187	7524	1750	3669	7465	1896
4355472	2924
278656	223
984572	985	244	6383
960234	4524
4322321	48	195	5980	1164	2359	6156	6184	3163	1319	185	5145
587612	4085
910933	52	7446	6826	2363	1992	15	2443	916	4939	6190	4248	5576	1066	622	1045	5873	2477	2728	7039	7286
103057	5418	2163
316737	6574
4326523	3802
964220	7533	5879	3754	2647	2039	1741	6743	7577	1988	5297
4318214	6487
4330730	3515	3498	3243	3744
621287	6009
330951	5891	4507	7128	7422	2425	2331	4856	6057	1479	6747	6443	2564	5479	382	6407	1752	1978	5477	2408	7380
1007384	6288	5124	357	4059	5189	6359	6874	3106	5764	4131	2603	5393
584835	2304
143309	7224
35188	2003	7154	2876	3962
4333668	5384
729697	5222	2111	1059	5988	3034	6951
815724	1603
1000547	6109
291496	1939
3606781	5372
625508	7031
759624	3634	3529	1740
1103604	7613	6245
1147983	2286	297	425
359872	5728
239739	6514	5046	3639	6411	4951	2520	513	110	1800	4682	4927
4418275	1209
557974	490	7041	6662
716286	4705	5153	6985	4513	2317	7617	3986	2182
4382271	6540	2975	6978	224	2867	2722
252027	1204
941438	3556
1007525	7205	4707	1114	6054
796173	7350
1039584	2399
225041	4610
755148	7161
132661	5404	2364	3965	1473	7149	4629
3874043	5311
536237	1531
1023075	6680
249391	1261
4339720	4088	7221	5280	7501	2346	7396	882	5251	6075
187225	3786
680374	6	7177
308787	5389	2729	6848	6889	2806	3518	6602	5020	7334	2072	1378	368	787	5746
3406670	5679	2795
564981	6393
3880044	454	4013	600	5575	2990	2315	4675	4932	3772	4983	6820	7167	4097
813558	2854	6403	2198
576759	1332	6015	6543	1477	271	1227	4452
233636	6800
287560	7265
12762	1717	4562	7123	2539
3078934	3572
807470	1782
1097610	1308	6343	6049	302
670341	582
2144438	348	3330
325365	876
132704	1311
4430839	4117
214306	3549
1142268	3419	1879	2100	3509	4361	4376	6819	5308	4842	2046	6103	1005	3137	5125	3275	4453	2007	1178	2575	5725	4024	4978	273	6593	3779	465	6920
912420	1756
4403854	2963
231088	6128	5469	34	3702	1652	4406	2757
240451	932	2688	1999	6416	3373	710	1325	5287	661	3328	6980
874539	4302	5007	4002	1465
199077	7440
2605222	921
581755	2536	3850
139395	6590
4303981	7058	2045
105644	4693
235943	507
149766	779	3131
4462592	567	7459	1236	4207	6806	1577	7088	1242	4217	1381
4472050	1240	1329
210201	6560	4152	5951
895629	7172	3513
219369	6773	6739
64384	2405	4581	2651	5307	2122
773251	7095
983868	4400
1035800	5091
4440449	6217	7067	566	3527	5011	2609	2582	96	2711	5328	6822	1536	2170
809272	92	266
806916	4307
660746	6715
782495	4213
113684	583	5855	5388	47	414	5555	218	543	4986	4521	2694	5475	3099	6358	3829	118	7571	4101	5680	927	1193	3279	2976	6633	5887
1130435	4256	4985	4120
157059	2906
806832	5392	4634
949332	3609
1017844	572
4393962	1235
1131767	4094	104
4422519	5960	7032	5336	7057
4350694	2893
167845	4550	2700	3104
4304524	3426
495451	7220
4467056	721
4447260	6588	4735	2188	6639	4977
4469720	5944	7195	2498	2386
4331858	1989
1089121	3072
1119924	7506
1011476	4011	4833	4992
1130824	7105
223618	3213
1055824	6181
588720	7072	7414	4311	6987	4242	3782	3652	6687
87167	6431	769	2889	4163	7040	427	4293	5249	7417
225456	1345
268384	5199
248294	1730
775567	3480
1144223	3423	5771	7599	2058	1036	7098	6247	2561	903	1625	3533	4200	6884
4464699	6394	1323	3049
1016033	6894	5722	5625	6831	6755	2214	1042	4003	2488	3033	5786	6034	416	2874	6642	6934	2781	2901	4281	6970	4019
918664	3299
1012786	5901
4459295	7118
3163659	6880
4367292	3346
4418260	7298	6949	7513	1867	798	2523	2836	2450	4872	2823	6036	2978	86	5972	3004	5735
267701	3825	1686
449755	1572	311	1723
119663	4107
620035	6925
738343	5998
300650	1605
304089	3199
300658	6412
763692	3608	6299	6704
4473935	2273
212223	5012
967782	3362	6475
213308	2285	4667	3693
784643	3318
787350	4335	5302
258140	2510	6767
4474070	4698	1282
77675	6076
559122	6601
4432482	1950	4643	1911	4902	2764	4680	2731	6903	6730	3434
255294	4556
4437897	7113	4613	1072	6649	1503
4375328	419
904212	920	2208
4104836	3617
686752	5526
4316503	6265	7400	3878
1061641	835	628	2641	3797	1559	3616	6638	318	1348	1129	6957	5439	1895
148208	7117
110321	850
807860	6483
4324652	2175	2468	2211	1486	3584	391	3262	1685	817	6911	6196	6123	4041	3401	5334	2330
323263	4373
3768296	6470
635216	1400
4338392	3819	615	6870	4905	6922	2776	6165	6653	1003	5741
4430826	3736
711023	1512	5826	4597	6722	1654	1596	4320	6309
3832712	6342	6447	4352
4433029	149
4298365	7103	6927	2955	831	1450	3699	2537	1580
1719246	4753	5379
442738	4824
2312727	6651	6535	4111	3773	1736	7360	3039	618	432	2289	295	1449	3344	918
101553	812
2662591	746	6512	2402	3692	5520	2455	1132	563	4672	7302	7644	968
581747	2041
4344366	7408
535159	3831	6006	3493	369	6068	2884	4091
2901965	2476	3340	3603	7080	6557	1640	4645
836238	6159
4302975	1641
951711	1043
4441855	2535
4419214	7204
879663	4574
4352772	3048
550392	3148	700
1113764	6567
12394	4197
4432463	6924
3936862	1335	592	654
247875	7289	3517
964611	795	3452	5358	2064	1781	1916	7014	5760	2631
134359	2760	5918	3879	6891	3948	6073	7321	3270	2546	236	1181	7186	5810	4145
4482377	2243	1018	5292
1076376	3918
2332714	6710
4447100	1608
537734	4968
974817	2961
805356	1429
813195	5769	6872
212945	4852	3799
4422290	5633
157046	239
2174310	4110	6736	2454
4463767	5067
1076759	873	5693	423	3989	3990	6329	3466	3399	488
4469420	4255
778762	7588
264293	6491
4390319	2470
965500	6370	1160	3748
1109167	978
217928	255
335418	2920	4685	5586
931593	7196
236952	7089
4319059	4060
4377102	3496	7395	5288	3123	3289	1506	4328	4092	1680	3391	4089	2581
1049750	1232	3958
568229	6377
1128536	6095	6125	5562
223853	6255
4448211	7296	6366
971607	553
272189	5724	6616	5896	5906	1391	2542	1578	1884	7479	3749	3193
413256	3681	6864	7199
4429335	4936	7305	6780	1624	4123	5139	3178	6434
1118409	2158
828254	4697
585850	867	678	2511
1121641	5212	4065
4484286	1873	4357	3757	6732	4137	5522	1188	1568	5133	2813
851682	4321	1365
4348946	6430
715913	5564
219098	641	3365	116	1966	6088	3439	6232
1012112	6561
137870	5655	4959	5022	3020	2988	5117	2878	1508
3259009	1586
822853	3935	5029
4296486	1599	325
4432362	6152	7457	4285	3512	3255	5002	2088	5571
4098845	673	3698	2429	3451	4315	6352	1566	2167	1914	6503	6818	2937	6607	66	4725	1482
4301491	1546	2758
224643	78	7036
325947	5180
151048	1197	4544	3817
954706	1026
257737	2453	5319
541223	5926	2593
4296070	5422	3845	3130	998
131028	2985
830077	555	6406
934363	684
15076	7570	4490
1903534	7243
4439440	5093
858026	7208
208959	5732	3673	3479	7382	3675	7463	333	5956	7330	6338	7365
