7386
5047
3755
1169
1475
6670
3827
3432
570
2027
237
2014
3326
1390
1080
2067
4730
7136
589
5342
2719
6286
4811
2288
3906
5774
3007
2801
6648
1805
1182
1515
3599
2707
2242
1529
2850
3946
6124
5417
2616
3315
316
7157
3873
1668
6135
3841
3591
6174
6685
7631
1120
5079
2666
219
2530
6900
5899
4632
5502
1780
6869
1872
2950
1300
2792
5824
5984
3218
154
6327
3283
6537
1949
6055
4058
470
4990
3525
7559
4687
3150
3570
7563
3868
4945
3414
6827
6001
4814
972
7273
3654
6114
43
3483
2005
1683
4246
3503
4657
2283
173
3494
1281
2734
1107
7483
7612
1510
4410
3704
1254
2895
997
5265
7290
5043
3842
36
2192
7
1962
6589
5977
4535
965
3756
6932
3930
2780
5945
2553
8
3165
6328
1935
2147
689
2791
5754
2763
6296
6707
4551
5579
7028
4911
1142
4458
2314
3520
4898
1998
3916
5825
6781
2184
3389
6005
1747
1589
6084
1853
3934
7223
2524
4549
679
2856
3223
3018
5253
7240
4434
2284
6409
2917
6640
4527
2538
2492
6476
4265
7341
4908
5255
5641
5092
4821
170
2207
5731
2588
4845
1206
6769
5430
3133
4599
3615
6914
2350
4742
2367
5941
719
590
6119
1785
253
1829
161
1719
26
5986
1758
2135
1478
2075
7176
1212
1296
781
6197
1968
1406
958
2994
2293
3433
2807
3537
2662
1399
2809
6753
1712
2877
1078
6467
1579
4719
5592
5471
3376
3812
3924
3888
5026
5983
3051
6850
827
1542
221
7163
2681
1275
4399
2667
676
5616
2690
5282
5291
5721
695
7165
3929
5843
3042
5948
1077
4375
1134
2164
1673
2112
3181
4969
6501
2548
3182
6452
4754
2572
6433
3660
2761
4882
5239
4686
4903
181
5711
6650
307
2712
5340
7038
3793
3586
834
2371
1629
2442
2768
2259
4007
1614
1408
635
4230
2320
3871
1851
4587
17
4143
5804
84
3314
5861
473
408
6689
5058
504
1451
906
1342
6044
554
45
7292
5141
6706
2234
4619
4971
3124
5881
702
1411
2790
7553
5484
7511
7155
7569
712
2689
3040
7070
5582
5512
1702
2633
1263
1021
1138
6696
4134
4820
4807
2611
6497
4054
7059
752
7645
3665
3865
7060
6264
238
2796
7144
7547
3856
5050
4793
7520
5146
3823
4263
2726
4777
5589
4196
7402
5163
6141
2645
643
220
6883
4298
1979
3379
5211
7620
4830
5128
4794
6521
6867
5860
4168
1777
3045
5326
2516
3111
637
7215
3437
1969
50
912
494
6420
908
4287
241
2262
1247
6541
3746
3363
5761
1592
151
6037
775
483
7267
7538
4996
438
7063
1961
342
1364
3682
1354
993
2215
2247
6622
7485
3390
969
5257
1628
2586
4095
2338
4699
344
5883
4731
1349
6384
815
6278
2634
1334
7595
4964
4043
38
6270
4706
270
6807
7515
1037
3356
4766
3454
4966
2835
2566
2668
892
5973
1963
5427
4895
3521
3177
1199
2245
5820
4751
2541
6608
3840
4921
1155
3792
1293
5857
1573
5639
3038
5144
1052
7626
5979
435
878
2322
3082
424
3436
4576
1071
4937
6019
5792
3216
5395
3297
6677
1774
4429
5371
7640
6569
5431
2526
2778
3765
4161
5710
1082
5352
6568
6652
7250
4252
497
5996
6592
5535
5779
4659
4128
2981
1918
67
1466
7326
360
5156
2194
1432
7194
3392
5226
1788
3269
4690
3637
1280
2458
5978
2723
3668
3723
2002
3050
6360
1959
1996
397
720
380
7450
5623
4139
6260
5414
7622
2964
3475
1880
1122
638
1634
6860
4884
5429
2256
4993
6350
1089
2528
2449
421
1694
2512
1965
1337
5178
3354
4235
7329
5509
629
4835
5230
7541
3581
2599
4334
5473
1033
2466
4741
371
3735
708
2750
97
2738
3680
671
2292
1812
3803
2004
4477
4460
4533
818
1472
2817
3976
3767
4033
6751
6665
4973
1285
2352
5752
4055
6542
7046
5992
7284
3834
3244
378
5574
5709
3353
2980
2896
1571
5787
6050
1437
6545
5604
5006
6357
984
3722
2233
5514
6419
6948
3727
1951
5985
2230
2717
3583
6525
456
292
7616
1425
6297
6705
4482
1492
6586
6834
3709
5541
3973
751
3571
6466
5654
4819
7425
6532
1205
2736
3387
422
1113
5717
6784
4202
5527
4329
2006
3118
5611
3076
3311
7466
7082
7355
956
703
2705
644
2137
4250
3764
3712
3342
453
2934
383
2125
1565
3897
79
4340
7549
6492
3593
7122
5590
2166
3957
1407
2221
7491
6582
2389
6882
788
3849
3249
7056
88
1749
2119
2821
1361
103
7502
2514
1286
4349
5889
2161
5202
3889
4413
6885
7495
1754
6063
192
551
5277
4738
1502
4021
7385
4288
2716
7247
598
1877
3555
320
7272
685
2858
1862
2339
1651
4082
3499
5246
1371
5274
370
7625
4913
2081
306
6618
6493
2494
5671
2811
6048
677
6779
3405
6926
864
2838
5114
915
4678
5158
4389
4712
7456
6621
7022
3607
5337
5581
3804
1818
3964
657
6887
3084
3832
3204
7313
1556
3188
6624
4984
2357
3263
4239
2335
493
1076
1919
3975
5194
1374
1029
6102
75
1861
6236
3516
6594
3911
6122
6683
2189
212
2907
5003
4585
6308
2306
1459
4638
2853
6237
4633
7317
5508
7633
990
5745
3343
3374
7086
4611
4853
5993
5809
4244
3566
6547
4485
3650
6855
3940
922
6139
7641
5583
4560
856
6810
5886
7523
3304
1321
4923
6473
4180
5816
6185
3105
6008
5301
2132
4896
3047
3171
672
2070
6136
706
5504
519
1401
347
2589
7403
5629
2624
7184
7121
6408
3876
2327
756
4087
2986
4155
6325
7517
1048
7281
7159
1356
57
4867
5216
6151
6086
1104
294
822
418
1533
7482
5949
3545
5351
3062
2118
6814
6425
2165
4688
3967
7277
3021
3826
3719
3949
865
5069
3086
2485
6424
7473
6336
2620
847
4390
5402
6645
1073
1328
3753
1023
1309
4865
1259
886
6460
1866
560
1643
1883
4277
7188
5685
1172
6047
1375
2826
7310
5190
6702
4545
6580
3597
1619
7601
3015
107
6450
2515
6559
4105
5443
2093
4889
6698
6052
5970
7593
4031
1180
5707
7187
1967
4211
4783
4462
6371
5667
4174
3257
7537
2268
5750
3854
6303
6679
6285
7075
4832
6373
2649
3956
2685
6713
6965
2740
2444
5234
5638
4922
130
41
4626
2772
2769
1310
2433
284
6841
2001
6591
5822
7168
1607
2403
4916
6313
7337
6478
7492
64
4136
3587
2687
3511
1093
4291
2483
6194
2029
4470
5751
225
7137
1467
4279
5398
2297
1224
2578